11
41
61
71
81
91
101
111
131
161
171
181
191
201
211
22
52
62
102
112
152
172
192
202
212
33
63
73
93
133
143
153
163
14
24
34
44
84
104
144
154
164
184
204
234
25
35
45
55
75
85
95
115
135
145
155
165
185
195
205
215
235
86
106
116
136
146
196
206
236
17
27
37
67
77
87
97
117
127
137
157
167
187
217
237
247
18
28
48
58
78
108
118
128
138
148
188
198
208
228
39
49
79
99
139
149
169
189
199
209
229
239
72
68
35
126
25
122
60
193
14
164
53
141
223
166
207
31
129
232
218
54
23
183
121
57
98
21
182
26
151
76
216
190
180
113
114
107
109